2705765
2895161
2211458
2880976
2708983
2644780
2817785
2778587
552320
2646339
2913959
2556783
2891951
1896172
2817880
544928
1940299
2211543
1475576
356908
2931349
395757
2780657
2322993
2738514
2706242
1852396
2680759
2841676
2938454
545963
1297507
1705523
2833482
2589615
2831041
2756267
2958856
2806968
29075
2934424
2647935
1298940
1187868
2882342
2767923
2948518
2859369
2156188
2827381
2100173
2935410
2799971
2776604
2384825
2713914
317335
2899017
546142
1295588
2384721
2589748
2707039
2722993
2492989
1112589
2680737
2687906
2727892
1616957
1635005
2548035
2614502
1308851
2394763
1166354
151802
1885841
2595371
2096753
1975469
2526526
2573960
2548022
2609895
2602549
2767036
2813525
2852793
2565412
2951374
2238831
2949828
2837045
2859936
2598819
2702376
2914530
2678997
1637275
2905443
1469876
2603823
2590512
1082139
2576164
1523508
117603
1470034
2858075
2714345
1576334
2814113
1247673
2735960
2362823
2522256
2533354
2448992
2943924
165004
2447827
2669234
1540731
2322962
1800346
1240995
165051
2447244
2475528
2678708
59901
1810251
2583106
1033987
2730333
2840010
1240478
2206005
1851962
2567969
2899772
2694981
2211327
1450313
2735474
2568035
1796908
2816380
2719583
1036453
2887966
2840569
2579913
2835934
2646192
2480294
1241809
1936416
2927903
2708213
2724406
2254195
2547289
1717020
2780688
1242237
2776201
2970578
154105
2544362
2823748
2917422
2786296
1273637
2365266
2246225
115843
2876845
2943122
1036505
2914423
2894514
1395306
2933977
2947503
2667218
1633736
150390
1797032
2266744
2741456
128935
2627527
1797057
2039792
1618415
2680029
1616952
2874298
2821001
2572566
1965475
1523308
2494543
2050372
2740705
1470264
2844370
1266355
2698852
2805433
2643102
2602333
2713995
2841647
2938457
420043
1885651
2731162
2595594
2941785
1994680
2852603
2811459
2661360
1475338
350674
1550954
2936442
2804024
2738968
2640265
2565152
2934240
1929081
1395355
2677860
2423503
2805628
1797018
2752916
99048
2873910
548344
1307580
2518495
1240367
1475887
2916838
2964119
2595400
2867981
2064919
2956547
2578916
2824628
2597737
2855730
1474577
2845098
2848238
1082068
2686562
2941471
2831884
1139936
2905714
1327674
2686155
2805652
2897808
1810525
2864208
2884212
2569937
2863068
2385860
2760576
2590222
2603720
2588610
2904366
2704554
2970599
1783665
2889892
2685091
2565306
2089060
2238795
2729781
2747272
2768212
2879574
2573934
2239252
2864095
239962
2529325
1945088
1382263
2447464
1868915
2801199
2518389
546213
2459235
1562430
2820708
1831518
2638944
2892520
1164432
2241596
2769009
2295266
117133
1241646
2846350
2840410
1327667
2834625
387287
2480316
2975989
1131909
1567076
2935673
2914726
2640365
2808917
1904221
2787624
2601936
2500221
2686673
1566226
2644702
1044179
2934075
2447891
2217579
2050808
2631924
2777393
2174433
2887371
2648049
2764576
1867974
2384803
2875609
1950869
2562088
1082226
2374461
150440
1559940
2945772
2409337
2683872
2396474
1247390
2673355
2779269
2628104
2862323
2688034
1325273
2200669
2688127
2925910
2964913
509291
2758869
481072
2585094
1413556
2377451
1519570
2740179
2927695
2686105
138736
270724
1847831
2576630
2804617
2785871
2812423
2570901
1914216
2533353
2975005
1257597
2800023
151669
2701608
2660656
1849903
2890657
2864569
2491425
2709227
2648625
2978216
2764637
2958898
2629777
1863415
2632782
2374979
2671734
2919195
2238844
2745548
1634864
2573928
1183215
1044018
2664715
1804102
2588661
2670980
2866542
2609897
2929522
2106364
2535598
1036986
540084
2547896
2537563
2483288
1567831
2764345
2385507
2629973
2225413
2599495
2589892
2384691
2882896
2396624
2601338
2896372
1249566
2626915
2385776
2690851
2699476
2934487
2448455
2803499
1559598
2885422
1636720
1325249
2944303
2939329
2553423
2663536
2230512
2737544
2848402
2245933
2831001
194730
2548169
2364498
2962801
1557802
2914529
2910073
1258174
2638161
2913633
1940069
2291319
2694207
2924557
2908834
1241954
2831256
2365609
1945022
2958162
2826307
2709881
2362128
2834692
2833486
2652386
2942848
2516433
2831036
1526470
2679718
2762435
1519774
2938953
2585848
2432041
2789213
2838808
2744265
2447201
2480504
526379
2691832
1750999
1260020
2811508
2228320
1240817
2717421
2547307
1906843
139025
2860896
2602511
2742736
2235235
2717328
2912663
1289290
2873584
2575406
2589720
2464588
436064
324406
1569831
2222675
1566245
2744798
1868942
2738468
1790720
1297594
2063515
2569124
2098777
2423994
2287181
2879368
2365649
1636718
1803770
2565299
1382266
2576836
1568301
2729252
59534
2292209
2453129
1838913
2562802
1804280
2605723
2607264
2941452
1810275
2971488
2970540
166167
2967425
2761797
1770937
2588839
2846145
529269
2755031
2606492
2858619
2670274
2965871
1240680
2522332
2048978
2639270
2709939
2589962
1082101
1079969
1395336
2828451
2745775
1939838
2440812
1241001
1474644
1325238
2206028
2826648
1684247
2907392
2842514
2438311
2685457
2788341
2907289
2911460
2365138
2930863
2804604
2764625
2601889
2698975
1037176
2946548
1770936
2645368
1637705
1253469
1618810
2897875
2639707
156650
1564192
2669796
2934360
2767008
2704531
1240127
2939623
2565155
2479543
2279208
2678121
2590375
1570619
2696641
2962904
1550239
2734784
2719211
2790342
2949673
2729731
1552011
2828474
1474618
2848006
1474253
449846
2764646
2900589
156644
1240868
2635641
193642
2547685
2844068
2935669
2780977
2667187
2653720
1033556
2736273
2837287
1392246
2738477
2866662
1241324
1526644
2592033
2606233
2685921
2680401
2293643
2719798
2734569
2480053
2763287
2603326
1797811
2777508
2774874
2588972
2798671
2742530
1821059
1276812
2725842
2092431
1036000
2940858
1578573
2856210
2907291
2887816
1314930
2809327
2726240
1866387
459230
2092437
522813
1139513
1857695
1160211
2238748
2479873
2504475
31479
2940883
2711120
2875039
2779254
2071951
2072913
2267489
2603761
2705707
2585859
1469621
1034928
2908562
555540
1885825
2096536
2831826
2593088
2883993
2905640
443562
2871882
1241808
2711588
1435880
2822750
2581743
2584637
2917578
1538603
2904801
2548009
2964605
1420316
1519129
2957324
2757602
2394521
2639202
1474974
2678698
2423869
2685790
2917173
2807418
2547958
2666746
2771898
2963273
2848054
1609133
2952318
2853534
2753772
1781113
539324
2963120
1914073
2604535
2211532
1033992
2684620
2324202
2898034
2671829
2654916
1592598
2928735
2582702
1853238
2697316
2965714
1885839
2690989
370570
2963212
1790896
1291401
395735
2877799
2647896
2911722
1448190
2916909
2479417
2650980
2629901
2430619
1139549
2936394
2682190
1470102
2778426
1240496
2480382
2294114
2626223
2682378
2478689
343298
2082019
2890158
1260029
2267164
1533096
2924000
2953480
2689257
1287911
2705223
2775686
2965750
1592477
2935194
2262884
1277084
2597054
2864741
2768961
166172
2878236
1568570
2695264
2753771
1716181
2579001
2384046
1470087
2826095
2238911
2478628
2806051
2410268
2045682
2830203
2859851
2784394
1698947
1468482
183832
2896857
1241817
2756369
2292191
2766791
2921349
2289824
2691578
2658827
2270899
2954038
2912871
2852304
2590529
2670987
2844428
2585552
2137108
2958907
2365227
1151597
2700969
2034598
2718642
2480449
2924846
2430908
2705444
1698485
2581436
1779549
2602241
2958308
2647163
1297630
2479514
2591423
2975259
2911536
2276227
2648743
2672136
2778349
2839496
1784714
2721369
2486474
2873351
2632677
2858282
2727110
2921157
2695036
1940321
2816998
546343
1440301
1567139
1847706
2672126
2626835
2778011
1034004
2770848
2758365
2881387
2884338
2851053
2914866
2424038
2590127
2726125
2410248
1479697
2715043
2908782
2565004
1569318
2866663
2557412
2714499
2817691
2828979
1609125
2948349
2603097
2479532
2802562
2834350
2244605
2820523
2627586
2515101
2769271
2595683
2731221
2879252
2954366
2693802
2890684
1395360
2705346
1762402
1807968
2909428
2637425
2758937
2673425
2596311
2386519
57803
2819907
2944141
2674423
2912855
2364464
1769415
1934995
2447973
2770477
2692019
2717375
2375059
2910408
2825226
2828607
2772842
2854348
1635289
2760870
2359739
2935443
2599561
2526171
2048539
2548307
2656245
2604883
2631834
1550415
1874172
2934072
1081905
2760810
2213668
2836383
1568590
2799624
1247571
1261511
2668944
2686546
